5000
1454893
123 100
107 164
135 126
197 125
192 131
184 117
100 103
148 162
179 127
144 109
196 163
178 165
103 155
106 187
197 129
101 107
156 102
164 151
138 171
102 137
120 189
154 185
162 195
193 136
151 122
188 123
140 137
135 173
121 137
158 107
142 166
103 181
125 165
184 173
174 116
139 142
150 114
148 146
182 108
154 187
109 150
171 135
112 100
187 108
131 109
164 162
134 148
142 178
121 101
138 183
136 173
171 194
177 147
173 138
168 145
136 120
176 110
156 100
159 178
118 149
110 152
177 145
188 143
197 180
101 198
188 135
129 181
198 102
163 111
127 105
142 141
188 193
143 180
103 171
145 127
146 132
103 130
138 150
134 151
188 122
186 125
186 185
172 109
162 126
134 105
197 191
140 160
102 119
164 119
156 110
149 126
135 144
118 179
180 174
117 196
174 191
167 127
175 195
105 151
146 180
181 107
161 147
117 190
105 162
161 158
157 176
166 186
188 127
131 117
127 119
198 136
155 131
195 127
188 130
178 133
173 133
163 172
188 125
141 153
168 140
120 113
134 138
108 147
148 172
180 137
192 187
155 151
174 135
192 128
151 154
161 107
106 104
103 136
137 179
197 193
105 125
193 173
105 162
196 173
198 130
175 115
181 185
179 154
111 151
141 109
177 140
137 153
149 165
188 109
158 167
185 186
166 141
198 109
181 121
177 160
165 197
184 100
189 124
179 182
187 180
192 128
173 158
106 179
149 146
175 180
192 153
122 135
144 166
120 165
164 187
107 130
113 130
148 120
102 116
178 104
168 176
164 123
134 187
181 124
189 126
183 121
171 198
137 171
171 130
106 170
144 142
157 133
146 133
166 185
195 176
117 113
156 147
137 107
147 106
196 150
196 136
198 175
116 173
179 154
124 116
171 125
103 164
116 149
114 166
110 179
138 126
148 134
194 152
158 172
189 196
195 151
139 164
171 169
139 147
112 170
115 162
195 113
115 138
189 184
101 142
111 167
186 186
143 118
169 106
141 190
130 144
141 148
123 148
120 105
144 193
111 136
198 158
126 191
142 151
195 174
137 126
171 189
190 183
188 145
106 173
165 109
126 139
112 190
196 181
127 162
125 191
171 194
172 146
172 101
138 193
171 181
188 138
155 166
187 145
186 123
169 174
173 156
128 171
198 155
148 109
140 102
165 120
104 119
171 123
114 156
148 159
166 198
166 149
194 195
109 104
153 186
167 183
177 136
174 138
113 147
108 128
173 159
141 162
132 107
173 139
192 150
108 145
148 144
119 184
185 153
174 194
122 101
146 125
151 132
196 136
176 101
145 192
106 150
118 105
197 188
195 194
116 157
143 149
198 165
137 123
190 194
193 155
142 156
194 178
137 106
116 167
131 177
170 107
183 168
150 137
157 119
196 147
159 126
168 176
116 138
152 195
137 150
170 126
178 175
141 175
141 196
144 135
132 167
135 128
117 183
187 152
183 182
174 105
162 186
192 132
113 167
134 186
120 132
195 153
109 106
155 103
137 121
182 148
151 187
132 167
182 147
165 145
162 191
169 129
129 143
113 124
119 183
196 134
196 129
152 181
131 123
145 196
161 175
126 117
174 184
191 188
122 186
113 116
197 187
161 135
131 182
118 165
179 148
191 128
193 106
115 164
154 133
162 150
119 134
156 154
106 132
188 110
142 107
149 166
110 138
170 191
106 166
186 172
153 148
112 114
101 109
145 153
107 167
198 108
179 147
148 178
161 132
136 102
118 191
182 102
132 140
159 118
153 136
187 162
118 101
193 186
173 160
101 106
130 187
183 167
176 147
167 109
176 116
188 187
187 105
114 130
115 120
129 190
144 111
181 158
164 149
109 197
135 162
125 180
182 183
191 178
112 140
168 168
101 142
140 143
155 184
133 162
124 129
122 136
110 187
120 182
101 168
175 150
170 193
153 143
138 170
135 147
151 113
197 184
197 196
128 100
191 149
123 115
142 148
122 135
149 141
143 165
148 156
146 100
135 111
115 157
185 193
166 129
126 130
191 184
149 194
126 139
133 196
153 103
164 188
153 122
128 126
183 136
147 144
121 156
146 150
124 193
130 128
181 135
135 134
178 104
152 179
153 197
178 101
187 149
105 186
178 182
176 173
165 129
150 186
134 182
187 126
190 125
192 174
113 129
141 145
175 175
117 121
166 165
197 114
179 176
191 108
105 156
189 192
198 182
128 170
164 194
111 128
113 125
108 162
138 126
171 163
191 139
172 119
163 182
122 167
172 113
168 145
176 138
130 172
190 137
165 109
131 161
129 128
178 173
129 149
172 196
122 164
126 137
161 101
182 147
149 168
101 187
194 122
181 172
125 176
134 134
163 142
192 104
126 172
169 152
124 122
172 164
152 103
168 114
142 122
105 106
144 107
189 135
146 186
145 160
165 152
115 122
139 140
147 197
145 188
153 145
173 193
136 104
187 113
100 119
188 165
147 161
136 145
153 190
113 119
136 153
112 119
108 149
125 101
137 172
102 179
193 142
178 106
100 145
119 106
190 102
193 144
173 167
120 129
101 194
103 124
161 156
187 178
180 170
167 150
143 107
172 129
140 132
152 130
144 169
105 170
103 118
159 195
182 133
157 177
126 189
136 135
171 129
181 108
188 140
132 141
185 137
101 196
136 112
124 164
185 112
165 173
188 125
110 189
117 119
173 192
119 121
152 117
155 183
150 165
181 118
195 155
127 151
196 121
114 176
141 134
186 162
190 162
191 182
180 122
159 139
161 149
156 138
104 158
142 183
115 185
196 165
155 105
169 188
134 119
196 127
162 195
146 161
134 160
145 155
125 116
133 161
177 106
108 192
159 178
103 149
160 179
163 148
120 126
158 144
154 185
100 168
167 131
106 104
114 168
173 110
110 124
101 106
145 194
132 140
104 125
150 149
139 140
101 136
116 185
175 164
162 193
127 106
146 150
147 137
116 167
190 117
121 128
168 146
155 128
179 139
138 171
134 110
170 136
119 100
184 178
147 149
130 193
173 150
108 193
191 162
190 115
104 149
155 134
178 108
160 196
190 150
177 122
149 107
136 113
119 113
183 126
138 152
196 116
125 114
175 127
104 134
154 147
108 182
130 180
119 172
181 168
196 139
152 107
127 172
186 198
191 154
185 181
153 180
162 167
159 114
189 147
185 158
188 179
189 196
175 132
116 172
104 189
119 173
112 185
143 190
136 193
121 106
179 121
140 192
197 133
143 168
103 175
181 196
141 103
126 174
138 181
134 193
178 184
171 123
117 146
111 195
164 182
177 150
168 153
186 101
136 177
134 100
188 165
177 161
125 189
186 101
178 148
182 174
124 156
156 162
147 104
184 180
117 123
125 175
173 112
118 171
177 141
179 134
131 195
197 120
119 186
129 165
175 183
109 109
122 185
167 168
195 102
161 186
107 153
118 171
129 161
105 124
186 144
121 101
132 173
109 190
167 123
102 160
121 164
103 141
120 132
189 121
172 113
177 110
111 189
100 131
186 193
156 130
196 185
186 130
110 136
118 148
180 102
146 179
125 195
191 169
133 131
197 105
104 136
110 101
170 126
108 153
113 126
120 114
102 141
196 158
196 146
171 117
134 107
192 122
113 110
147 147
140 100
156 105
128 100
174 161
195 134
166 135
189 107
187 154
166 164
162 122
142 195
157 176
168 100
161 187
122 170
178 177
187 130
123 112
104 160
132 147
159 164
191 180
115 113
190 182
117 187
185 163
110 107
104 159
190 120
163 183
110 166
138 119
183 192
144 117
103 102
179 166
103 146
190 196
102 147
198 183
147 123
158 126
179 126
181 150
173 183
104 115
148 116
118 182
107 139
158 118
111 136
157 182
129 185
162 190
180 141
126 194
118 156
163 157
147 130
198 187
155 187
172 193
122 164
149 133
198 196
191 112
134 105
146 108
111 167
194 175
195 156
123 107
152 156
174 109
124 124
107 163
140 106
155 132
136 186
105 186
167 169
164 102
190 176
165 113
183 153
165 166
106 179
185 164
141 167
155 133
137 140
195 122
195 189
126 149
107 183
101 115
184 143
185 193
114 147
176 118
150 185
145 182
189 128
146 162
140 113
160 187
127 140
198 160
159 169
148 163
169 187
188 140
190 179
155 194
154 142
182 197
178 183
192 145
137 145
179 153
172 192
135 131
154 113
186 131
129 152
178 198
171 156
164 140
188 117
164 116
179 115
125 178
102 143
161 178
155 105
101 139
124 187
117 128
190 174
173 136
173 126
163 181
180 175
164 144
150 176
193 173
169 146
187 142
119 140
190 111
167 108
166 175
148 154
130 144
127 171
112 135
123 154
139 140
175 161
164 136
111 152
115 183
121 145
194 122
194 128
113 173
113 181
173 174
163 127
193 148
166 176
196 136
175 178
133 109
153 156
180 150
171 120
190 167
148 149
110 105
158 139
151 100
145 183
157 195
154 122
115 112
131 190
162 104
194 121
162 122
125 131
170 176
198 132
175 150
177 125
138 130
108 181
119 128
133 198
196 157
170 128
191 113
156 144
184 154
108 179
137 118
120 184
133 158
127 120
111 157
154 164
126 191
103 144
119 197
163 142
111 126
128 117
114 128
193 194
178 157
111 132
156 140
179 145
107 189
152 190
133 120
139 190
159 135
172 193
147 152
136 152
157 126
107 136
161 140
112 128
102 136
163 132
109 133
163 167
170 120
140 133
166 170
105 153
166 161
108 172
187 138
168 101
136 131
154 112
103 133
191 157
151 165
189 114
175 144
146 134
144 150
119 112
126 147
143 130
112 121
167 103
117 106
192 183
188 169
182 148
101 195
134 127
165 175
182 188
128 125
118 158
188 136
184 170
119 187
161 128
107 120
176 186
102 108
157 128
194 123
169 127
107 119
152 105
122 147
198 145
128 131
183 179
105 184
197 130
142 135
180 179
100 117
124 102
198 101
124 186
175 126
158 110
162 196
176 190
141 117
160 150
127 119
165 165
134 158
183 189
182 136
139 149
178 125
164 104
155 142
173 141
193 165
159 135
102 126
151 110
181 172
155 151
168 149
100 111
160 169
136 127
119 139
189 126
173 108
120 128
110 195
100 104
152 183
146 118
146 109
139 118
144 156
137 171
186 185
139 142
106 185
113 198
119 195
102 130
157 184
177 187
191 126
113 110
193 173
161 155
111 148
116 197
169 161
125 112
106 195
152 111
134 129
135 138
143 162
160 107
139 125
187 173
119 103
140 128
104 181
108 119
101 150
174 159
140 137
106 153
139 149
122 195
150 171
193 157
142 196
165 132
172 154
169 153
105 195
122 152
105 109
159 160
111 125
123 142
177 183
128 154
194 119
149 108
197 140
142 147
154 159
132 108
149 150
105 176
147 180
116 105
164 108
153 109
128 185
184 113
145 155
109 149
166 181
147 181
163 115
101 174
113 116
191 167
103 143
145 167
138 134
194 135
186 185
192 171
128 149
198 168
147 159
130 154
142 117
148 182
172 129
155 186
139 134
192 167
107 116
103 129
160 140
148 124
118 102
144 133
177 134
121 130
126 155
139 161
197 107
197 105
192 168
157 109
145 184
196 196
176 107
160 143
186 179
178 177
147 167
144 159
135 162
121 150
167 156
149 141
104 137
158 167
131 171
124 142
135 141
183 171
165 105
161 169
180 141
107 131
101 150
191 189
149 159
184 108
197 130
138 143
117 196
107 121
136 132
137 168
102 180
145 134
170 153
119 146
194 116
167 148
147 168
152 145
158 155
115 112
181 196
152 192
187 177
136 143
195 193
146 146
130 183
191 157
128 148
110 188
174 195
112 119
196 192
156 124
192 180
129 197
126 127
198 195
154 175
156 137
139 156
164 113
194 133
149 140
115 140
176 191
155 178
108 164
196 150
102 101
173 170
158 129
177 148
156 135
148 186
191 138
138 171
171 183
162 117
158 111
148 130
128 126
162 163
136 130
139 118
150 131
110 162
154 197
126 139
164 171
190 114
180 108
101 144
112 151
187 122
174 127
187 173
137 144
112 152
194 193
155 127
130 147
105 198
178 125
198 132
130 146
193 161
180 135
180 131
196 186
119 143
170 170
130 180
145 172
112 153
196 158
115 163
134 159
149 122
113 158
165 112
125 174
159 136
162 138
167 144
104 141
192 175
135 156
116 112
157 119
159 174
173 155
131 163
122 156
128 181
151 174
134 118
189 153
179 149
113 163
194 148
172 141
137 119
170 123
125 182
143 167
143 127
167 146
156 119
119 105
113 127
106 177
158 140
125 156
140 115
134 184
135 159
113 192
171 173
194 140
179 161
140 181
142 128
140 118
184 172
115 148
168 112
104 101
126 124
103 135
113 149
145 105
103 148
197 178
106 146
144 104
138 169
150 102
125 194
166 186
149 122
165 112
149 193
186 106
170 167
156 120
164 173
179 153
152 139
164 163
138 145
169 140
106 180
141 147
152 150
139 197
125 117
193 195
101 130
113 180
164 122
186 119
150 109
186 188
177 108
119 184
161 180
134 102
122 122
147 114
175 117
165 124
128 160
185 178
159 186
155 142
120 190
160 118
115 183
131 198
115 184
130 162
155 168
121 169
172 175
165 179
135 125
167 165
113 110
194 119
150 129
105 137
189 130
110 181
196 126
194 196
140 153
136 192
192 125
127 152
180 173
162 195
164 104
184 150
176 174
140 151
192 125
164 137
169 152
131 151
122 168
172 127
170 148
135 149
135 172
165 188
110 104
168 194
184 188
169 137
156 117
105 189
192 148
156 144
193 119
188 150
110 148
176 159
163 159
196 185
137 135
163 143
166 105
178 185
111 116
193 109
130 152
140 125
150 174
116 188
137 147
110 175
168 102
135 193
117 129
153 132
141 138
165 110
194 171
153 157
145 126
142 181
116 149
160 129
153 181
194 127
117 108
189 104
195 173
191 157
168 153
102 197
181 113
132 111
182 150
122 175
182 162
115 193
173 131
146 147
181 151
161 146
188 122
189 190
183 106
104 106
100 179
107 170
184 192
137 195
156 138
176 183
109 172
129 117
102 171
146 108
107 169
196 159
149 166
132 168
112 149
147 122
129 111
197 114
165 114
172 142
183 189
175 104
100 105
117 147
140 100
171 114
188 123
102 110
138 169
112 149
150 153
111 117
117 101
169 171
129 116
144 157
172 110
143 136
121 114
127 112
171 196
100 148
178 103
189 166
133 115
182 123
162 173
102 132
165 157
183 165
174 142
173 174
171 157
167 160
131 154
122 163
117 196
174 170
119 105
189 129
153 136
169 155
101 167
139 134
116 142
165 195
187 137
100 156
171 143
106 132
176 184
180 183
137 188
106 121
143 125
148 123
158 122
158 193
106 195
162 120
150 169
109 139
147 151
175 194
101 134
178 186
194 169
198 183
135 112
167 115
174 164
127 103
149 115
105 161
114 121
122 113
192 106
169 151
122 135
169 106
131 146
172 136
117 171
186 102
156 160
102 147
126 126
102 152
165 109
127 159
148 111
187 165
106 172
171 166
171 145
166 139
173 152
138 171
160 160
169 103
182 182
113 191
105 118
164 180
190 152
111 168
124 136
142 158
194 142
103 196
146 140
166 167
180 175
195 162
137 109
189 182
139 176
172 198
104 148
125 128
146 144
106 146
145 169
185 100
105 143
120 132
185 179
185 194
144 194
127 156
147 189
104 163
191 196
120 198
110 131
105 162
195 141
129 130
110 186
132 126
120 153
141 140
121 129
156 152
197 139
180 176
182 181
184 195
145 149
156 196
100 183
145 177
141 148
161 133
105 167
114 103
167 107
153 169
175 156
124 100
116 193
173 129
124 166
122 159
147 193
150 180
140 123
100 196
128 127
152 149
106 194
176 123
115 188
107 142
161 132
151 123
112 193
183 194
145 126
119 159
184 142
136 113
189 172
139 172
140 190
113 147
181 153
181 106
167 139
120 162
180 131
118 139
141 131
158 132
109 150
194 132
184 161
115 135
196 158
150 183
104 106
123 177
190 133
107 103
175 150
174 111
128 129
118 191
100 147
108 179
169 128
186 141
116 169
151 167
100 108
135 138
185 190
126 165
182 126
145 189
127 167
118 145
187 107
159 151
124 139
111 153
171 152
143 176
187 139
176 108
128 153
109 172
190 120
133 117
196 126
106 172
150 189
166 105
134 148
169 119
190 155
110 147
150 121
133 158
150 194
185 132
104 130
108 150
167 119
119 116
164 132
114 184
117 167
197 102
134 139
186 123
117 100
112 134
131 133
137 135
191 115
144 195
136 176
177 162
103 166
125 122
107 144
108 187
136 106
157 132
143 169
169 119
162 127
192 164
130 191
154 180
145 130
176 129
128 132
184 131
126 194
158 175
134 169
145 171
160 163
156 165
109 131
188 190
125 146
190 164
155 103
197 101
181 127
179 144
170 142
107 103
106 188
191 193
150 113
195 154
179 151
171 152
168 120
133 151
143 119
113 143
105 175
196 126
112 140
110 128
146 154
142 156
152 186
163 172
147 185
147 181
128 133
143 120
149 136
105 141
100 159
128 184
165 121
194 117
189 163
194 149
130 119
100 193
117 181
175 185
110 103
102 127
178 126
180 174
170 181
124 129
113 137
173 150
116 156
153 162
109 139
122 151
185 189
108 149
188 116
198 184
111 179
177 193
144 102
156 100
142 160
125 111
145 172
152 183
128 100
149 177
103 163
149 158
167 123
108 183
100 189
168 198
117 138
109 112
178 182
110 156
163 181
157 114
197 140
131 101
159 171
172 107
147 188
198 170
120 178
158 185
124 152
184 138
181 198
145 140
178 145
144 186
125 156
187 188
115 167
144 102
162 197
131 124
155 116
156 167
180 120
132 172
172 108
113 187
152 190
150 165
178 121
132 109
110 198
196 117
177 135
190 159
178 106
148 129
184 103
175 106
174 113
120 189
100 115
186 112
164 141
107 101
155 190
107 117
187 128
182 110
112 176
134 129
139 126
161 150
131 158
174 122
121 126
125 110
100 181
102 153
147 183
110 191
124 191
170 187
122 163
156 102
180 179
106 141
166 193
126 146
131 145
139 129
125 134
169 135
108 172
122 132
118 154
171 108
144 112
191 173
165 130
148 161
188 182
101 107
175 145
111 101
164 179
118 120
187 110
187 194
197 105
176 148
184 190
119 147
113 195
101 104
162 154
101 179
183 178
181 112
168 121
101 127
147 130
126 162
196 134
133 147
186 147
159 178
146 136
196 139
169 137
196 189
147 167
174 180
150 116
175 123
141 165
198 167
140 118
145 106
132 186
172 177
132 122
130 176
194 134
162 138
192 184
144 116
145 101
144 112
117 192
173 184
178 124
120 189
142 120
122 175
164 154
189 100
130 107
115 176
108 134
190 128
102 141
172 149
170 192
101 154
149 160
136 119
155 146
196 192
193 162
168 176
154 123
181 155
118 129
105 188
158 186
172 120
159 160
175 132
131 181
151 112
157 126
186 127
139 186
177 102
175 129
163 190
153 186
163 117
176 171
157 104
109 146
112 153
164 150
116 186
123 110
117 119
188 148
115 185
186 100
125 171
109 151
149 178
104 136
165 180
123 169
193 188
109 171
131 197
160 171
119 112
134 125
135 139
134 138
175 151
145 145
119 182
156 120
136 178
139 172
133 173
118 111
103 189
104 122
167 147
129 139
176 184
142 174
160 162
122 161
189 160
153 184
154 145
120 173
197 108
181 192
127 150
161 138
138 129
127 160
172 127
192 121
147 162
117 111
160 108
125 135
144 125
140 183
141 198
144 106
175 161
146 103
124 193
193 145
119 110
102 156
116 189
116 136
153 178
116 189
121 121
152 131
191 136
125 112
105 109
112 165
175 112
137 109
117 115
198 180
130 112
143 178
179 114
104 159
183 144
191 169
142 178
158 174
149 162
119 139
187 169
149 152
169 110
150 120
114 152
196 144
123 192
157 198
165 111
100 116
193 151
182 111
139 181
134 141
101 151
121 142
147 105
120 118
194 185
170 151
137 173
152 190
114 189
140 195
185 115
190 186
103 166
121 177
144 163
113 162
194 128
124 196
156 163
130 170
153 145
175 116
128 174
167 128
183 116
177 147
172 191
102 105
196 136
128 140
104 181
168 123
145 195
110 184
102 125
127 168
115 175
133 136
141 176
186 114
180 164
148 137
172 134
100 155
128 185
118 166
180 125
117 158
134 136
151 190
189 197
197 125
113 139
198 132
145 132
194 164
117 106
119 150
147 163
192 177
112 118
191 132
153 108
111 158
107 110
110 101
139 115
169 106
147 177
124 130
128 122
118 145
171 189
149 174
174 128
129 164
132 113
145 114
116 174
148 167
174 154
142 107
185 140
111 130
184 112
145 159
191 152
122 175
190 142
188 104
147 106
196 161
137 129
161 191
177 196
163 180
115 184
191 102
180 165
130 168
154 140
193 151
152 160
113 128
181 167
175 131
173 103
125 167
140 105
115 149
163 173
135 148
170 194
192 181
189 110
178 147
154 136
188 140
143 108
138 129
122 150
141 156
178 150
184 133
121 155
173 173
115 135
180 171
149 158
172 146
194 121
145 144
146 156
142 164
113 189
185 157
151 150
108 180
104 113
185 163
125 172
191 152
188 135
157 107
125 125
146 197
195 174
161 191
158 133
155 164
127 124
184 145
177 109
184 107
102 177
178 116
162 129
116 179
156 160
164 163
139 122
122 144
104 174
198 172
183 175
120 186
164 160
104 178
173 141
176 144
146 164
156 104
110 173
185 151
106 121
141 102
195 158
196 193
150 153
168 125
182 172
119 176
120 175
153 195
176 145
175 102
124 118
151 188
110 134
127 165
140 159
168 138
165 116
159 158
178 169
125 141
178 191
127 184
106 172
182 186
191 192
165 194
136 113
135 189
168 116
160 125
178 142
166 139
184 160
188 153
148 113
160 163
163 176
107 165
149 185
182 197
185 136
119 140
103 152
123 175
161 104
194 135
155 168
196 128
157 130
153 196
137 198
109 188
191 152
114 175
190 174
186 126
195 107
104 157
155 165
169 171
126 160
130 104
121 161
160 177
149 146
115 111
136 172
144 167
186 117
193 174
190 129
165 122
122 111
173 169
146 111
168 154
166 124
156 142
141 175
102 115
194 105
123 121
152 106
183 104
135 152
180 126
121 165
133 190
131 135
174 103
138 175
156 151
154 114
155 166
197 190
103 122
192 180
119 154
109 198
182 153
189 115
103 194
171 130
142 187
153 145
143 186
112 174
108 148
124 126
198 191
187 117
187 132
108 128
136 141
144 182
136 125
168 140
177 151
147 195
187 126
187 182
108 154
165 150
141 179
177 136
149 141
123 190
120 132
170 179
196 117
112 112
182 182
157 141
112 167
168 164
104 166
195 168
185 140
109 174
114 135
181 195
160 137
133 179
107 161
176 142
113 118
182 173
100 140
104 111
104 119
171 164
165 126
109 100
185 184
171 145
124 157
169 136
175 108
161 175
191 113
187 107
190 184
141 179
105 168
126 118
144 184
109 155
189 175
119 156
108 129
194 189
109 141
139 165
129 182
167 100
163 134
130 137
123 160
188 171
158 189
103 111
112 146
146 121
133 137
186 190
140 117
139 165
149 136
153 171
146 194
126 105
146 123
198 177
194 192
141 119
159 176
181 115
176 187
168 176
191 185
138 137
164 198
177 153
164 142
143 120
143 181
129 166
110 133
149 151
183 130
132 120
147 159
175 136
100 197
172 164
106 152
163 107
152 125
102 166
115 115
104 152
124 182
182 190
161 169
108 158
154 127
109 198
105 119
161 155
133 168
174 154
151 117
121 188
164 149
116 144
102 163
194 191
188 139
109 114
150 191
164 175
164 137
134 111
151 188
182 133
118 192
103 144
149 117
133 151
153 130
141 154
168 147
143 137
122 198
145 196
166 110
172 162
161 122
188 138
151 158
149 109
188 167
104 161
159 139
186 138
162 128
116 193
195 180
141 166
104 109
144 131
138 190
153 151
184 142
165 188
105 167
137 198
167 195
138 160
180 126
136 175
125 106
191 185
106 132
146 134
103 123
176 134
138 150
194 155
161 163
176 103
157 110
184 197
169 178
183 124
154 171
101 163
165 131
137 182
165 121
181 175
177 195
126 153
176 162
147 166
112 155
146 146
192 132
197 178
198 124
131 162
163 124
165 183
197 174
136 164
176 121
136 103
178 184
192 164
106 149
131 152
147 187
117 113
134 136
150 192
150 141
188 115
130 183
180 191
129 109
187 140
183 159
164 105
146 152
192 169
118 189
127 161
167 136
146 127
148 172
178 169
111 144
181 148
116 106
163 127
154 110
107 147
174 116
185 151
112 163
157 100
147 113
185 119
163 178
107 137
141 150
184 116
156 147
148 158
125 195
195 101
161 157
125 149
173 123
187 187
197 184
133 114
166 104
121 128
119 195
187 123
158 127
138 117
154 172
144 168
103 116
123 108
126 134
187 140
149 166
120 139
117 186
183 102
191 198
113 169
105 172
191 191
186 116
172 137
162 140
138 130
132 177
160 118
117 126
156 139
107 186
101 107
170 144
187 176
175 188
109 104
184 194
139 178
154 183
188 118
130 176
118 123
139 148
186 180
193 121
111 197
195 174
112 173
154 135
137 182
116 115
119 169
113 153
166 145
131 147
151 178
194 110
184 154
190 148
144 121
105 111
142 191
105 176
102 197
151 138
144 191
148 174
121 180
134 143
123 185
124 180
190 118
187 171
156 160
191 149
145 146
188 191
159 126
163 190
184 116
138 137
132 104
150 118
158 133
183 158
176 118
183 108
106 112
127 197
165 105
191 177
164 138
178 161
187 135
141 168
140 143
178 118
143 147
138 145
138 197
187 101
108 188
100 107
156 115
127 125
160 179
176 113
142 157
193 121
166 181
147 116
113 172
130 171
133 177
171 114
136 126
161 172
117 174
104 110
172 158
186 195
106 106
176 186
187 145
146 174
152 153
135 189
114 176
140 189
173 180
148 132
189 146
112 178
116 180
167 102
146 153
198 154
182 131
159 183
170 117
138 130
116 168
195 102
120 104
144 167
152 166
109 162
106 163
138 130
134 136
102 118
138 188
146 146
184 132
135 143
131 170
163 197
144 173
161 115
172 181
172 106
173 177
132 118
155 164
127 137
117 104
160 151
171 130
103 124
124 114
155 156
171 177
106 192
139 143
106 148
178 117
142 105
156 181
139 168
173 111
158 117
124 170
137 145
138 124
133 140
127 109
110 168
162 191
138 130
121 179
141 170
113 193
164 171
134 176
192 134
164 143
102 186
131 152
164 196
193 192
189 152
136 177
130 175
138 142
126 131
121 112
123 107
114 172
137 113
158 185
192 190
193 181
117 168
131 193
119 155
159 136
121 120
110 110
189 131
100 137
125 119
190 100
146 133
185 194
153 140
193 162
183 164
196 123
155 186
130 168
114 125
123 135
160 105
121 121
101 137
113 162
181 119
192 130
146 178
197 178
191 169
122 189
147 135
172 142
157 169
150 176
106 161
138 146
135 175
160 158
117 151
110 182
132 161
111 117
100 127
187 120
126 117
141 174
108 139
183 193
156 148
132 146
192 174
122 105
163 100
131 194
132 183
187 141
104 178
139 103
122 114
155 193
119 104
163 155
130 161
162 108
174 157
129 135
110 127
159 126
152 149
155 131
181 198
110 157
114 107
190 159
172 129
168 152
122 155
117 197
119 141
105 194
124 132
111 128
135 134
100 198
100 102
167 196
140 112
105 130
172 183
191 186
147 115
159 127
180 196
145 195
120 173
170 142
110 115
161 138
188 165
159 195
195 134
121 150
124 193
167 137
178 151
186 110
186 166
127 126
128 158
109 170
120 104
188 116
127 148
183 108
127 143
119 162
120 128
181 177
190 165
157 133
122 155
134 185
168 132
134 137
189 175
182 171
146 131
150 161
159 178
193 105
152 141
125 127
142 169
134 191
137 105
101 151
181 144
108 197
115 113
111 124
181 182
156 178
165 108
116 198
184 156
123 128
103 188
190 192
124 146
176 136
100 139
187 103
131 167
198 157
183 165
153 132
110 120
139 195
185 140
108 130
167 134
121 103
160 166
192 142
116 148
122 179
159 152
175 176
130 181
113 104
178 196
120 181
170 130
150 159
157 186
116 132
165 168
149 182
146 110
175 135
161 171
103 121
133 178
187 141
133 143
169 106
140 167
139 172
152 158
129 130
168 158
196 163
126 117
188 149
122 105
147 111
192 112
161 187
182 107
111 141
180 114
108 159
150 191
102 181
132 155
128 100
149 121
169 156
187 142
132 114
191 194
184 186
133 171
162 133
107 177
198 100
108 155
179 187
133 138
166 165
180 171
117 185
171 192
122 126
180 111
191 114
197 171
126 156
196 152
179 141
147 186
172 121
139 136
152 144
152 126
156 157
155 162
179 136
145 145
106 162
122 190
192 115
124 181
178 192
188 162
107 122
186 181
115 182
187 126
111 109
112 129
159 170
107 186
117 125
123 101
139 134
124 153
177 113
196 127
115 147
105 110
152 114
145 162
178 144
161 198
153 189
156 173
130 193
176 106
145 156
196 139
106 188
186 172
102 130
178 160
170 150
130 110
138 185
187 183
178 142
154 129
196 124
172 140
190 195
194 184
193 160
102 189
153 151
102 128
139 117
177 187
149 108
140 177
106 131
116 153
196 189
155 197
169 176
184 161
124 124
184 189
112 196
110 137
197 126
150 100
178 152
140 168
120 106
105 132
109 173
175 131
181 180
139 186
120 139
161 123
183 101
156 192
161 153
136 117
119 193
106 171
124 142
151 115
116 107
180 196
118 165
151 130
144 183
175 181
109 134
109 165
185 131
116 168
121 144
135 120
163 114
132 130
194 123
141 193
138 154
115 195
120 186
167 116
165 149
123 171
115 111
176 179
113 194
154 191
183 115
104 188
141 125
181 167
127 157
177 124
151 167
148 158
116 143
191 111
188 105
131 148
130 145
152 112
113 150
158 145
160 136
178 120
130 143
100 176
171 137
168 175
186 144
110 116
123 172
129 185
124 153
138 108
163 143
165 159
101 135
102 110
175 109
135 163
174 162
123 153
193 181
164 176
141 160
121 104
174 138
127 166
147 178
175 146
139 139
185 175
156 164
151 174
170 159
190 121
180 153
174 197
177 138
155 103
176 170
190 160
120 132
174 132
198 143
165 166
197 193
124 164
123 132
161 127
101 145
106 147
123 168
172 113
119 181
172 186
121 106
122 126
123 174
100 116
186 184
118 171
195 196
131 183
113 109
180 160
139 150
177 153
143 135
124 105
134 117
186 113
168 178
107 145
162 115
171 103
182 121
136 171
103 166
100 145
101 143
145 170
173 187
145 198
144 160
126 182
149 176
111 119
177 176
127 165
136 127
100 130
125 149
113 174
108 149
161 112
131 164
183 157
107 195
190 100
197 128
167 158
112 119
197 195
173 166
158 137
153 118
135 190
118 142
131 194
111 118
189 102
110 178
116 121
158 146
132 124
140 102
127 147
179 134
140 185
147 193
162 114
141 120
168 128
129 150
167 150
132 175
197 185
111 167
150 168
163 134
133 192
173 122
173 168
131 136
171 187
154 179
195 152
143 193
131 140
195 106
183 160
105 153
141 186
172 194
186 108
170 183
194 180
166 109
168 142
156 171
168 151
116 127
102 113
116 128
195 178
118 116
138 148
177 109
113 181
100 101
117 149
146 150
159 115
152 157
161 194
162 113
144 178
120 115
119 158
133 140
175 147
160 166
174 141
117 129
151 101
163 103
121 109
171 113
111 175
129 145
194 153
173 159
156 128
120 100
171 155
185 174
123 103
156 123
131 166
103 128
129 126
197 198
170 103
145 181
172 197
162 124
100 148
127 141
100 108
133 118
178 171
176 106
134 156
104 127
134 158
131 149
166 193
105 161
130 153
178 194
109 166
182 127
100 115
176 114
113 179
144 181
146 180
128 135
141 170
164 198
103 152
114 164
119 193
151 144
150 183
100 117
126 124
184 162
108 189
193 163
172 161
104 184
174 158
174 191
122 161
167 139
145 186
179 171
184 168
171 177
176 122
154 141
168 161
131 119
128 113
162 104
197 121
127 195
151 181
169 134
191 101
107 122
160 104
171 197
103 112
161 171
143 196
100 190
122 125
148 161
154 128
184 175
147 179
193 162
157 134
179 146
106 109
144 105
138 148
147 100
152 173
185 112
174 141
113 114
116 115
130 135
172 182
176 147
121 114
152 111
162 101
186 144
163 162
103 119
159 168
181 160
153 155
174 164
186 193
183 190
116 183
134 162
158 125
169 118
158 151
114 146
127 167
191 169
102 191
176 177
195 116
164 191
166 112
123 171
185 192
119 126
130 137
183 143
178 109
113 112
141 172
157 150
104 128
107 192
198 176
120 168
107 144
103 132
192 151
191 156
169 181
141 154
109 133
170 154
188 190
169 184
190 113
126 183
134 174
163 111
174 155
156 159
147 112
116 150
174 133
106 117
123 105
187 138
140 183
148 155
138 129
119 117
169 160
129 185
150 106
107 151
188 113
174 196
159 179
143 143
193 174
159 131
127 112
111 168
155 154
138 178
164 185
154 120
178 154
140 171
177 121
197 169
140 193
127 103
176 110
134 134
173 140
109 155
149 155
181 162
124 162
127 138
197 126
188 130
163 190
102 136
129 125
113 146
172 190
134 181
123 171
160 174
178 151
176 124
149 190
183 168
158 179
167 124
155 119
145 116
107 115
119 153
109 124
144 193
165 153
180 111
114 133
103 146
111 181
154 147
177 174
116 161
110 130
175 106
148 136
167 169
134 127
163 174
113 128
102 151
142 180
117 150
154 168
162 157
117 158
193 117
173 170
196 144
170 190
137 131
178 152
112 115
110 180
171 128
128 150
107 184
165 127
158 136
140 153
154 144
182 160
116 100
169 142
155 147
175 193
100 124
137 145
152 104
141 182
148 122
129 107
100 190
139 100
188 181
159 167
108 171
134 121
107 144
186 156
140 130
196 121
178 189
105 194
175 112
172 192
160 141
184 116
136 191
106 160
154 180
187 193
171 133
137 126
118 173
138 185
114 179
150 111
153 108
155 187
187 149
192 122
143 149
151 102
184 139
152 121
168 103
194 118
105 148
100 115
166 189
127 103
154 113
189 153
169 139
151 109
107 149
129 137
196 188
179 188
133 113
104 148
110 196
138 128
187 167
170 180
135 175
147 185
155 173
112 189
140 122
148 149
168 176
149 157
185 178
106 106
182 121
124 162
123 190
167 116
111 168
137 167
170 187
182 113
126 132
152 118
142 171
188 103
125 121
163 154
141 117
162 183
151 198
123 135
118 188
122 177
185 155
130 174
188 165
108 169
193 188
188 186
118 181
109 165
142 102
121 153
160 180
167 159
171 110
145 193
169 173
133 111
134 161
118 152
168 122
189 141
196 172
138 197
175 125
135 138
102 168
112 132
105 122
133 168
191 148
180 116
120 106
122 116
197 150
113 108
153 151
183 118
193 138
159 108
188 152
182 122
102 194
166 122
103 175
161 154
175 132
156 135
175 127
100 100
132 110
164 197
157 125
137 192
155 170
151 126
198 190
159 124
157 185
157 108
149 151
143 159
105 110
141 136
110 154
168 166
109 158
166 134
154 192
187 159
169 182
152 113
109 147
162 153
195 172
195 128
101 137
162 133
174 160
147 156
159 181
122 130
114 142
149 179
186 181
162 119
140 115
143 183
191 108
180 122
161 116
135 172
184 100
191 123
194 185
123 188
128 183
143 102
150 136
186 151
162 198
181 173
185 136
145 107
183 134
192 146
117 104
168 184
189 184
195 185
192 119
159 176
186 113
107 100
136 141
192 122
155 126
153 127
141 141
119 103
185 167
167 142
136 152
130 161
173 114
130 176
112 122
189 119
168 198
177 144
106 188
122 113
103 127
178 188
156 158
166 147
167 126
166 134
112 107
193 154
156 190
138 155
109 183
184 166
175 148
111 158
108 136
168 102
111 141
147 169
197 138
131 167
160 108
139 145
151 138
176 166
126 191
156 185
157 121
157 122
173 150
152 167
109 171
168 118
149 187
141 184
145 162
194 143
164 188
129 104
176 149
132 152
135 174
113 133
148 178
162 144
193 166
140 102
187 108
197 145
153 161
132 150
197 140
182 108
144 121
165 140
126 166
158 123
103 176
123 167
184 130
192 143
134 141
101 192
141 189
173 119
125 138
182 189
167 109
158 149
130 137
172 189
155 149
191 141
114 110
195 160
188 177
184 181
158 194
152 178
181 187
153 129
131 169
145 124
182 135
128 108
118 146
164 188
133 180
111 121
117 167
128 187
194 149
111 176
193 125
103 194
136 101
135 117
104 187
164 182
186 112
136 175
169 136
143 177
145 175
133 134
128 117
112 129
155 105
190 196
136 110
152 185
149 155
157 177
142 101
175 194
140 160
169 197
112 172
104 101
191 173
118 100
128 109
124 164
138 128
178 165
145 104
190 195
177 109
198 160
109 195
101 193
118 132
154 176
137 101
133 104
189 146
165 194
163 167
136 179
127 135
172 159
146 140
197 172
197 143
180 167
135 138
158 117
110 104
160 162
105 142
105 136
172 188
115 146
147 197
110 163
119 166
111 108
130 130
145 168
198 169
162 153
115 170
154 103
124 181
193 160
138 196
186 151
186 129
148 136
157 181
194 106
129 192
170 190
154 162
193 137
185 129
146 126
109 115
184 193
181 100
105 131
127 143
135 106
195 119
186 100
136 180
135 101
186 113
172 145
141 106
197 135
180 189
173 145
144 171
136 136
120 122
181 185
127 138
198 158
179 142
191 123
193 132
162 147
139 153
176 159
178 105
198 125
121 146
126 127
113 116
188 179
193 137
155 188
159 116
115 170
133 108
167 148
106 153
101 144
145 167
181 174
120 184
130 169
158 124
128 137
171 106
111 175
170 164
196 157
110 190
112 108
165 153
155 167
112 138
164 196
182 139
130 184
185 145
118 136
161 174
142 197
144 174
160 179
136 152
116 165
131 151
111 139
104 147
140 130
117 161
157 110
144 179
103 139
160 167
174 194
114 178
173 180
120 134
189 149
189 173
166 135
140 168
121 136
188 182
148 134
194 173
175 194
138 126
122 137
194 110
107 118
115 144
166 113
152 174
137 146
148 131
139 144
121 188
144 173
178 181
142 134
181 104
105 164
186 147
151 134
104 109
111 182
179 109
108 175
162 164
135 135
141 158
169 124
123 138
169 129
145 195
129 136
180 158
122 134
131 138
193 136
170 177
173 167
140 136
122 101
136 149
106 184
118 113
129 157
160 119
181 183
178 104
156 100
160 124
193 124
124 122
193 105
142 110
172 156
140 120
176 174
124 155
161 164
140 182
134 182
114 114
152 121
180 113
110 137
155 163
177 155
138 150
136 151
133 175
174 133
144 181
179 135
144 183
106 148
186 182
139 187
129 181
144 129
173 157
117 114
164 120
123 155
158 102
146 145
119 123
138 188
128 169
177 176
178 115
131 115
150 156
139 117
118 159
112 197
190 101
148 149
153 111
168 151
187 185
189 103
147 180
115 113
185 160
161 143
174 110
122 142
141 177
171 166
156 165
100 121
184 135
110 116
154 137
143 175
141 137
173 100
127 151
142 103
125 160
158 134
147 104
155 115
185 144
113 185
188 192
143 195
121 178
154 137
163 172
168 162
154 120
145 160
132 121
151 155
172 104
140 101
176 113
194 120
123 184
180 176
122 113
168 120
181 179
169 193
142 171
155 151
174 126
192 164
107 148
164 171
165 150
116 147
106 130
197 145
111 155
133 194
132 175
190 197
165 114
186 115
119 167
105 181
166 176
144 143
155 173
191 156
162 191
137 133
148 126
111 185
120 141
169 150
156 112
117 135
185 185
178 186
187 170
110 197
110 119
168 183
151 115
136 118
132 144
196 168
177 152
171 135
140 154
129 103
103 126
146 141
171 125
157 145
108 169
151 148
100 130
176 122
133 167
190 165
163 155
125 117
138 134
107 192
172 134
190 168
139 104
166 128
167 194
174 181
104 130
105 183
148 115
117 151
104 104
139 114
158 197
197 196
136 178
138 161
137 150
177 116
105 107
156 112
134 180
123 141
166 197
134 156
181 106
182 115
133 178
156 179
134 175
126 177
145 169
172 146
168 100
149 165
101 177
184 109
147 100
139 119
151 195
192 124
142 163
105 112
156 119
106 183
126 117
166 184
105 168
111 155
117 107
108 191
194 134
113 143
198 197
195 166
179 125
128 146
188 177
155 192
173 135
143 147
182 182
112 192
118 116
144 101
148 125
196 122
120 174
190 138
194 145
109 185
140 164
173 186
193 164
147 161
150 112
116 198
168 157
100 132
157 131
153 195
144 136
198 137
176 172
160 121
160 145
134 135
184 172
157 110
147 169
133 175
120 114
160 166
165 157
105 185
156 109
110 159
101 148
137 170
128 183
154 125
132 125
167 122
132 182
195 186
154 166
109 144
179 184
103 182
169 124
145 189
117 124
176 111
131 198
177 109
105 138
193 181
164 141
146 110
166 111
197 188
135 157
109 132
191 143
161 183
191 130
176 134
107 130
107 175
164 154
124 193
104 145
192 130
128 179
149 114
138 146
161 191
126 169
108 154
185 190
145 108
161 173
198 160
157 157
144 180
144 108
123 116
184 193
156 110
108 153
194 105
162 161
175 173
178 163
122 182
156 102
154 197
120 182
150 164
168 115
124 155
130 181
160 123
176 150
176 165
104 104
140 103
120 102
120 118
159 123
108 137
161 132
177 198
127 111
109 193
104 189
169 133
196 125
163 114
171 156
141 141
134 101
186 182
158 195
164 108
153 163
163 196
129 115
195 157
157 144
196 151
191 146
197 150
136 116
100 142
128 137
125 189
130 141
173 174
188 145
171 132
158 126
127 187
149 161
179 126
101 191
172 190
128 129
114 148
153 161
177 111
169 190
193 161
140 151
181 158
189 134
190 181
187 181
175 193
178 160
191 159
162 195
138 121
173 158
116 167
171 195
145 181
186 196
105 113
128 184
134 168
105 123
165 151
172 128
128 149
140 180
183 114
163 123
135 103
154 135
190 154
128 180
192 164
134 112
107 105
171 123
190 193
143 150
129 137
157 191
146 144
123 167
197 151
142 168
146 149
162 135
117 159
175 106
150 125
133 169
137 197
166 176
156 174
179 132
104 141
105 128
130 119
178 144
169 134
150 158
195 130
155 116
163 132
184 191
188 180
169 183
125 157
123 183
173 103
155 163
105 166
189 120
119 167
128 112
122 131
155 143
145 163
157 110
188 129
138 185
118 103
196 145
189 152
167 111
125 129
174 117
136 119
106 176
196 139
155 152
170 111
142 105
100 124
157 130
143 109
138 160
192 117
131 122
141 154
140 151
137 150
111 145
192 110
161 139
183 133
112 123
120 147
110 150
105 139
108 166
167 133
198 119
103 100
157 163
181 137
101 130
175 121
101 175
161 151
178 172
144 105
114 159
167 116
173 117
145 186
131 187
193 165
152 194
182 181
124 192
101 180
120 195
144 147
147 117
119 160
198 173
181 161
142 176
198 196
164 169
148 101
112 139
142 173
145 146
106 146
146 114
182 164
186 128
190 189
119 153
131 155
175 165
139 162
146 166
191 172
128 102
179 167
102 146
127 129
141 159
187 130
103 110
197 172
106 133
103 159
150 150
157 158
178 198
102 122
137 101
114 129
126 133
147 126
118 111
150 106
118 151
182 124
141 138
110 192
195 147
107 123
140 147
145 195
195 153
196 106
193 127
124 154
136 114
198 168
143 115
106 179
169 165
186 171
171 138
174 114
193 133
172 100
155 166
134 195
128 138
187 133
161 173
172 140
153 121
123 140
125 117
179 133
106 173
135 167
172 125
134 132
149 181
108 160
126 104
153 190
193 187
182 178
150 143
196 182
183 160
150 139
177 152
144 147
152 174
107 162
186 193
126 142
130 112
162 130
149 136
124 115
124 166
128 166
135 122
130 179
153 163
150 119
180 139
166 110
148 197
118 157
122 116
174 144
118 173
127 188
187 118
156 107
169 166
112 176
157 168
191 131
102 194
132 182
179 168
103 110
152 198
127 109
152 141
195 141
110 140
133 165
168 181
152 107
193 109
164 141
125 123
193 143
184 142
148 188
184 112
101 140
135 162
132 126
118 198
197 139
121 117
151 147
186 137
105 160
175 140
153 145
109 104
139 123
174 124
189 148
172 120
196 195
184 100
174 169
123 194
178 147
178 134
193 169
198 173
194 113
112 138
187 126
147 106
121 180
156 186
189 125
185 120
119 177
104 153
133 155
139 115
125 177
129 154
114 124
132 157
197 117
114 108
119 177
144 103
121 131
134 104
122 137
131 118
186 186
113 190
129 151
104 121
118 144
132 163
104 155
176 133
176 126
107 180
139 142
170 147
116 189
125 178
197 154
181 196
109 127
145 108
124 178
